{"tag_size": 0.0955, "grid": [[[-0.03182071011512954, 0.8773748680338372, 0.47874918626601926, -0.21622384528700467], [0.9991641262930044, 0.04022130342025066, -0.007300375354252723, -0.3193488331011209], [-0.025661082146038627, 0.4781167092810946, -0.8779213638870575, 0.9518582987288582], [0.0, 0.0, 0.0, 1.0]], [[-0.03184159255007781, 0.8774055288643091, 0.47869160312482645, -0.21623158743928234], [0.9991639068356015, 0.04023085249611504, -0.007277759576459898, -0.31937190608088684], [-0.02564371776657479, 0.478059636892488, -0.877952950512344, 0.9519089263606136], [0.0, 0.0, 0.0, 1.0]], [[-0.031882652427030575, 0.8773602315756432, 0.4787718877751189, -0.21622228091997717], [0.9991660997722702, 0.04020209339234503, -0.007134196012416624, -0.3193659199025443], [-0.025506892011524535, 0.4781451826970622, -0.877910350049198, 0.9518954100926035], [0.0, 0.0, 0.0, 1.0]], [[-0.03184875757877358, 0.8774063991979812, 0.47868953120694024, -0.21624757983350848], [0.9991588395196671, 0.04032700601328461, -0.007439488941865334, -0.31936926397964355], [-0.02583157080783392, 0.47804993801112083, -0.8779527246481803, 0.9518992712623], [0.0, 0.0, 0.0, 1.0]], [[-0.03194651643343179, 0.877412905732003, 0.47867109056500545, -0.21623900051701145], [0.9991619765198163, 0.04029633517805242, -0.007179836225995121, -0.3192702780645363], [-0.025588371671181633, 0.4780405821958438, -0.8779649406491561, 0.9519929955887338], [0.0, 0.0, 0.0, 1.0]], [[-0.03204221869094006, 0.8773108315285475, 0.47885175274196395, -0.21616964831498237], [0.9991386338770127, 0.04075511515496651, -0.007810946362780721, -0.31923225122994087], [-0.02636828617371232, 0.4781890060126796, -0.8778610300115087, 0.9519658681084917], [0.0, 0.0, 0.0, 1.0]], [[-0.03268780213081166, 0.8768291401648494, 0.4796896564963931, -0.21586913482616069], [0.9991297862469277, 0.04110796711255619, -0.007057285174989429, -0.31882067686259646], [-0.02590709991537119, 0.47904153681872275, -0.8774098404829587, 0.9513702693992289], [0.0, 0.0, 0.0, 1.0]], [[-0.03349108361755878, 0.8767648463058099, 0.47975176039330086, -0.21571198522327914], [0.9990874395741315, 0.042101141204302965, -0.007195970712915673, -0.31826464295459034], [-0.0265072707634619, 0.47907295706566955, -0.8773747582447468, 0.9516292107623305], [0.0, 0.0, 0.0, 1.0]], [[-0.033803195764552645, 0.8768901295039706, 0.4795008287110806, -0.21549406103742347], [0.9990583959795215, 0.04270345661943126, -0.007663955609091861, -0.318043209455373], [-0.027196789864414157, 0.4787902626111583, -0.8775079595364412, 0.952158090519307], [0.0, 0.0, 0.0, 1.0]], [[-0.035686351158296714, 0.8751001703615336, 0.4826242598276856, -0.2145887796162254], [0.9990239485317252, 0.04381784616486478, -0.005580915476273361, -0.31638395464514657], [-0.02603141565662135, 0.48195403120078484, -0.8758097266006043, 0.9498709071771835], [0.0, 0.0, 0.0, 1.0]], [[-0.039000703765537555, 0.8710920646788713, 0.48956874896105623, -0.21296924323073707], [0.9988018405098186, 0.04847817744073217, -0.006689522122212557, -0.3100534660089609], [-0.029560590318724444, 0.48872127144777094, -0.8719390404922139, 0.947249106500301], [0.0, 0.0, 0.0, 1.0]], [[-0.03848304864579146, 0.8703621040754235, 0.49090616491986244, -0.2127103353729784], [0.9984768178593544, 0.05293004608420624, -0.015570947915331172, -0.3012537055922393], [-0.039536048922265636, 0.48955920787063684, -0.8710732936008831, 0.9503495774786125], [0.0, 0.0, 0.0, 1.0]], [[-0.03645996253839315, 0.8730196638396969, 0.48632020077405985, -0.21218655977059867], [0.9981595438163742, 0.05541153909103775, -0.024639123845033105, -0.29396770138968614], [-0.04845819043244862, 0.48452680822095406, -0.8734332120404097, 0.9567363794490227], [0.0, 0.0, 0.0, 1.0]], [[-0.035480564577986755, 0.8742796952276328, 0.48412409984414617, -0.21226823705862144], [0.9980344617772287, 0.05603742611080125, -0.02805387637946855, -0.2869856266040094], [-0.05165600296447001, 0.4821771680487932, -0.8745495045851784, 0.9609658290747307], [0.0, 0.0, 0.0, 1.0]], [[-0.031149215855536982, 0.8768900942258055, 0.4796806114491633, -0.21351992649996465], [0.9976597595402195, 0.05650181754358274, -0.03850388043331955, -0.2811500649352337], [-0.06086649772852759, 0.47735867779158436, -0.8765979478594127, 0.9666421433328649], [0.0, 0.0, 0.0, 1.0]], [[-0.023919302313710842, 0.8839134914651484, 0.46703833523889277, -0.2145202548945547], [0.9972891164506684, 0.05361553134889595, -0.05039635906711023, -0.2810164021295699], [-0.0695865302042777, 0.4645668029509499, -0.8827997510251477, 0.9770083633863693], [0.0, 0.0, 0.0, 1.0]], [[-0.018892646657582533, 0.8939969069722262, 0.44767465667196793, -0.21484448970622946], [0.9975367189981469, 0.047107454599178256, -0.05197482055378709, -0.2886418273627467], [-0.06755414237989961, 0.44558996627536274, -0.8926847258702466, 0.988982313638537], [0.0, 0.0, 0.0, 1.0]], [[-0.017750258734003432, 0.8922707352894959, 0.45115170758938594, -0.2103842315186906], [0.9984167344465594, 0.03990601855249708, -0.0396425788812604, -0.29122224684032844], [-0.05337558142020678, 0.44973374859935816, -0.8915663759243191, 0.9830043802187601], [0.0, 0.0, 0.0, 1.0]], [[-0.02488105936302141, 0.8927205929318347, 0.4499231888227229, -0.20615415053432531], [0.9986819811874583, 0.04240647040459078, -0.028913521392544606, -0.2907114516232496], [-0.044891350352449656, 0.4486107825534938, -0.8925990883035202, 0.9805848428440374], [0.0, 0.0, 0.0, 1.0]], [[-0.02900920416920961, 0.893686954365087, 0.44775226819204805, -0.2072237561489254], [0.9989034189985501, 0.04238644970983803, -0.019883369784885273, -0.2912289487004945], [-0.03674813718375705, 0.44668447082773083, -0.8939365514033274, 0.9803304357931341], [0.0, 0.0, 0.0, 1.0]], [[-0.028390207955500398, 0.8937866814386475, 0.4475928553664956, -0.21110044919385088], [0.9990874396115742, 0.03966654562875137, -0.015838344871592427, -0.296751066862855], [-0.03191056412275963, 0.4467347459519705, -0.8940971885967409, 0.9778552379580365], [0.0, 0.0, 0.0, 1.0]], [[-0.03118988614839515, 0.8901691099531089, 0.45456148834601035, -0.21354171740774947], [0.999280170322668, 0.037596993243834795, -0.005060365492981669, -0.3017916780880855], [-0.02159472625317736, 0.4540764492729313, -0.8907009857487174, 0.9690153896977254], [0.0, 0.0, 0.0, 1.0]], [[-0.02908390136759457, 0.8863996036848721, 0.462006351978565, -0.2163305301976622], [0.9993719081088124, 0.0351474536176546, -0.004521701797591149, -0.30443890539554336], [-0.020246381508594403, 0.46158466080611527, -0.8868650883557836, 0.961396703817584], [0.0, 0.0, 0.0, 1.0]], [[-0.02964022066037314, 0.8865123655194052, 0.4617545701997902, -0.21903751530737614], [0.9995127287234463, 0.030809336726915368, 0.005008980960063285, -0.30674472806633774], [-0.009785828478730062, 0.4616780377618543, -0.8869935890463634, 0.957915987369189], [0.0, 0.0, 0.0, 1.0]], [[-0.029556419908482675, 0.8819793483353113, 0.47036033756282314, -0.22255940550886114], [0.999562646946245, 0.026534229749761367, 0.013055630256842156, -0.3066688106630438], [-0.0009658529960308363, 0.47054050172286593, -0.8823778688104, 0.9488059909327387], [0.0, 0.0, 0.0, 1.0]], [[-0.025988405700969643, 0.8821199731330627, 0.4703072992936073, -0.22644810133427143], [0.9996477329089052, 0.02546726034759258, 0.0074718632531924475, -0.3065777858907799], [-0.0053863586223234, 0.47033580732293045, -0.8824710847901356, 0.9487342367706944], [0.0, 0.0, 0.0, 1.0]], [[-0.01759212080890669, 0.8839771230280635, 0.4671990616947688, -0.22829140183524133], [0.9997752795504758, 0.021080212664669466, -0.0022394271099957794, -0.3082414355710029], [-0.011828257911184895, 0.46705467623934577, -0.8841493209394815, 0.9490680435285055], [0.0, 0.0, 0.0, 1.0]], [[-0.019114753848088143, 0.8818267777746306, 0.4711859083047146, -0.2260149804323699], [0.9998089356742895, 0.01493154925252575, 0.012615109304480863, -0.30737466861986606], [0.004088805592297154, 0.4713370161959818, -0.8819437050244743, 0.9414465112082686], [0.0, 0.0, 0.0, 1.0]], [[-0.015006470834574496, 0.8792213410911623, 0.4761771090707206, -0.22710923585849957], [0.9998568331439435, 0.009471563978565604, 0.014021508162980164, -0.30172368605979816], [0.00781786725748436, 0.47631934964439315, -0.8792376004845828, 0.9372355002965537], [0.0, 0.0, 0.0, 1.0]], [[-0.01008237717700674, 0.8817234870004326, 0.4716588153975905, -0.2287342228464609], [0.9999450849175844, 0.007541762225536677, 0.007276604407174482, -0.29548521099020647], [0.0028588143741096967, 0.47170627968507206, -0.8817511059738135, 0.9407812029288091], [0.0, 0.0, 0.0, 1.0]], [[-0.0032643656381143825, 0.886930640718701, 0.4618910937345462, -0.23084289535442315], [0.9999920929553768, 0.0018462568933515211, 0.003522124672559729, -0.2939141034345616], [0.002271110676739474, 0.46189893904381113, -0.8869296545761091, 0.9474030180726429], [0.0, 0.0, 0.0, 1.0]], [[-0.0028251616881577123, 0.884638549201546, 0.4662688663507566, -0.23086869232546248], [0.9997166250260991, -0.008522532582062451, 0.022226922522338318, -0.29061334329421806], [0.0236365840988522, 0.4661995320728794, -0.8843637872432172, 0.9401081343675779], [0.0, 0.0, 0.0, 1.0]], [[0.002482538997101426, 0.8811843179522606, 0.47276636385760124, -0.2334079703535324], [0.9997607324374568, -0.012461667700990891, 0.01797733890848187, -0.28027774947558953], [0.02173280645126642, 0.47260861675716404, -0.8810044157043893, 0.9359985568968059], [0.0, 0.0, 0.0, 1.0]], [[0.009470658367245316, 0.883584713365356, 0.4681755663606891, -0.23770915320000072], [0.999798408142467, -0.01665675542607251, 0.011211403768701281, -0.27173605690489827], [0.01770451089072417, 0.4679750066037043, -0.8835643403218483, 0.9403416866845301], [0.0, 0.0, 0.0, 1.0]], [[0.01830491377258292, 0.8847592351326367, 0.4656887651417953, -0.24156895341004242], [0.9997144621059035, -0.023351541918365918, 0.005069491723919151, -0.26587753163218064], [0.015359830340286632, 0.4654629967436151, -0.8849340508051269, 0.9411407302762264], [0.0, 0.0, 0.0, 1.0]], [[0.022738220190675732, 0.8832447002726384, 0.4683607293346213, -0.24346583256794402], [0.9995629665517444, -0.028937143298984957, 0.006042982373822281, -0.25928626063049226], [0.018890453695892515, 0.46801863336622823, -0.8835166719316456, 0.9377421113857557], [0.0, 0.0, 0.0, 1.0]], [[0.02987272818598622, 0.8832382170063684, 0.4679720847765788, -0.24696788829653293], [0.9993357265650765, -0.036167954039521825, 0.004470426293505796, -0.2502060295722977], [0.020874044202712955, 0.4675276795228346, -0.8837319407821678, 0.9370717721335016], [0.0, 0.0, 0.0, 1.0]], [[0.03544992341213438, 0.888846037531204, 0.45683260007923165, -0.25226677997401675], [0.9992324658688758, -0.03914847277165095, -0.0013697566403559544, -0.2468087488055288], [0.01666679584324187, 0.45653052323445426, -0.8895516282215412, 0.9447624658345113], [0.0, 0.0, 0.0, 1.0]], [[0.03825955028845619, 0.8892884697952564, 0.4557435949093923, -0.2548643232101664], [0.9990120534732532, -0.04435856802244424, 0.0026896948065680167, -0.24759223562045038], [0.02260804783433067, 0.4551904380940017, -0.8901070392042247, 0.9427938848506953], [0.0, 0.0, 0.0, 1.0]], [[0.03894934576107833, 0.886964310769735, 0.46019263345424505, -0.2576725845521295], [0.9987765791730743, -0.048599248437010564, 0.009135532096688962, -0.24697127784545825], [0.030467907051779486, 0.45927380120373373, -0.8877720890903009, 0.9377699748879167], [0.0, 0.0, 0.0, 1.0]], [[0.04185035683568131, 0.8895153178434003, 0.45498466672480337, -0.2613189052175384], [0.9987827807494084, -0.049144962206985186, 0.004210649374279187, -0.24886996416729526], [0.02610564136743723, 0.45425463345091865, -0.8904893168798635, 0.9405646275799316], [0.0, 0.0, 0.0, 1.0]], [[0.041589137546974894, 0.8882402265061735, 0.4574927798931481, -0.2607283835855186], [0.9987929167535531, -0.04893790350295517, 0.004217943060970636, -0.2523309439018601], [0.026135284215576326, 0.45676512740904046, -0.8892033318099825, 0.9374957071085835], [0.0, 0.0, 0.0, 1.0]], [[0.03599541410934802, 0.8830051375321828, 0.4679810436918016, -0.2579082500644049], [0.9988500516486831, -0.04662833634632928, 0.011152245110138313, -0.25095031210761254], [0.031668667236237825, 0.4670414599811722, -0.8836681335060894, 0.9296506914649748], [0.0, 0.0, 0.0, 1.0]], [[0.033321179824064504, 0.8854777040457479, 0.46348563582165386, -0.257850479064642], [0.9992118432884749, -0.039524533331389194, 0.003674710462576845, -0.25053211647259765], [0.021572927645088523, 0.462997890818961, -0.886096812932996, 0.9357020188673761], [0.0, 0.0, 0.0, 1.0]], [[0.03247291888389716, 0.8869051083120328, 0.4608088957357277, -0.2547278116356483], [0.9993993084038609, -0.034397477652485554, -0.004223256211831364, -0.2521712441261221], [0.012105036185152487, 0.46066923316102587, -0.8874893383685171, 0.9400857167961177], [0.0, 0.0, 0.0, 1.0]], [[0.027091453117528173, 0.8929838075937229, 0.44927271511120975, -0.2505146094741636], [0.9996118553245, -0.027121007014223392, -0.006371002530619517, -0.2564406245491034], [0.0064955263598484424, 0.44927093201536206, -0.8933719481735235, 0.9493192685151793], [0.0, 0.0, 0.0, 1.0]], [[0.017711569415335388, 0.9013699236220565, 0.43268760220095653, -0.2456259721401802], [0.9998419483368414, -0.01663470028356344, -0.006274160698045545, -0.26745003450288557], [0.0015422888298368012, 0.43273034043852726, -0.9015220872552832, 0.9609121995654061], [0.0, 0.0, 0.0, 1.0]], [[0.0049904876507531545, 0.9002778705460756, 0.4352870901348113, -0.2386541382479195], [0.999902725925719, -0.010161973496942207, 0.009553689390140285, -0.2774599941763454], [0.013024351013525151, 0.43519707041715144, -0.9002410100528665, 0.956270569043901], [0.0, 0.0, 0.0, 1.0]], [[-0.006221968500027365, 0.901055925670816, 0.4336582824315627, -0.2358774646238145], [0.9997713405077749, -0.0032671028027823515, 0.021132740914589925, -0.2868341413500769], [0.0204585876167393, 0.4336906095971924, -0.9008295628696609, 0.9559942950190256], [0.0, 0.0, 0.0, 1.0]], [[-0.010521416773656757, 0.9006255383214218, 0.43446857137464395, -0.23455523681793522], [0.999813692180814, 0.002443474577084057, 0.01914707183251816, -0.2972744420901615], [0.016182728967744624, 0.43458908080535125, -0.900483453555875, 0.957133732474328], [0.0, 0.0, 0.0, 1.0]], [[-0.016698165358934876, 0.9067885863490539, 0.42125482898209043, -0.23233375304398698], [0.9997240745426172, 0.008180224322734849, 0.022019507486249555, -0.3114980611735845], [0.01652107906744984, 0.4215062794278567, -0.9066749750320301, 0.9660462835669085], [0.0, 0.0, 0.0, 1.0]], [[-0.024355455906254053, 0.905888917263305, 0.4228144762743055, -0.23067552212530415], [0.9990201677835028, 0.006421311138993809, 0.04378893838720907, -0.3263893770511163], [0.036952890677470346, 0.4234666885869219, -0.9051576920779086, 0.9607077417780389], [0.0, 0.0, 0.0, 1.0]], [[-0.025035370958164705, 0.8992011892559556, 0.43681855665901176, -0.2315768970971856], [0.998731801899911, 0.003404806961504128, 0.0502314160990127, -0.3373524516787323], [0.04368086623161617, 0.437522146331166, -0.8981460646214655, 0.9477209474178894], [0.0, 0.0, 0.0, 1.0]], [[-0.020670534722789163, 0.895999713375524, 0.44357326635546096, -0.23160884627156278], [0.9989622568945506, 0.0004993871997627218, 0.04554294580470721, -0.34686592071101735], [0.0405849515759198, 0.44405434829917334, -0.8950802184509367, 0.9408482347930971], [0.0, 0.0, 0.0, 1.0]], [[-0.028167578539795082, 0.8960893681505161, 0.4429790421756015, -0.2314244359390008], [0.9981633274050709, 0.0014369034192482795, 0.06056324902283527, -0.35662199671646005], [0.053633565449657354, 0.44387135478218537, -0.8944840194553421, 0.9401755500732453], [0.0, 0.0, 0.0, 1.0]], [[-0.02611474289920362, 0.9002123621915177, 0.4346673707110718, -0.23646541341254257], [0.9984172050146337, 0.0018217650931743171, 0.05621179504972601, -0.3712745086830593], [0.04981069096163597, 0.4354473379520343, -0.8988350855059071, 0.9456087745630585], [0.0, 0.0, 0.0, 1.0]], [[-0.022286794454930373, 0.9029017904648827, 0.42926874515649605, -0.23643490946209816], [0.9981935741640893, -0.0038657843561550956, 0.059955351794755245, -0.38644490987789365], [0.05579325488304871, 0.42982951560661925, -0.9011846094019442, 0.9455909889665853], [0.0, 0.0, 0.0, 1.0]], [[-0.030230958870804507, 0.8935210710775131, 0.448002438236943, -0.22994677455677878], [0.9963309154704035, -0.008965715718208232, 0.08511358774935869, -0.3944153540443003], [0.08006744659135345, 0.4489317447921838, -0.8899716245556297, 0.9257782701359482], [0.0, 0.0, 0.0, 1.0]], [[-0.03923686081864224, 0.8856760417827123, 0.4626428620061118, -0.23011428392527677], [0.9947577643877854, -0.00913351616012164, 0.10185071954958569, -0.39729770547911025], [0.09443229819989586, 0.4642138816264121, -0.8806747487932339, 0.915101446481622], [0.0, 0.0, 0.0, 1.0]], [[-0.03455370823247065, 0.888938556735333, 0.456721231821654, -0.23177264840930795], [0.9965664239471215, -0.0037585867638092567, 0.08271176268696434, -0.40466796810101885], [0.07524230132466093, 0.4580110428525087, -0.8857564454840428, 0.9211421834285386], [0.0, 0.0, 0.0, 1.0]], [[-0.04418758895492311, 0.8870130364603491, 0.45962520615360264, -0.22661599387351095], [0.9959061766048705, 0.0027955428805929556, 0.09034972241391237, -0.4099803126651285], [0.07885647964891032, 0.46173591812787734, -0.8835052900396164, 0.9166330177881561], [0.0, 0.0, 0.0, 1.0]], [[-0.05213143539642029, 0.8885789006971601, 0.45575196179428096, -0.22489764822549413], [0.995515956114479, 0.010169304816163145, 0.09404555471169627, -0.41371904604040727], [0.0789322150011233, 0.4586110797564565, -0.8851246143677363, 0.9188078567781243], [0.0, 0.0, 0.0, 1.0]], [[-0.05520420987702814, 0.8890716931031911, 0.4544271335808179, -0.22276132959437941], [0.9956955109755816, 0.015082664485839703, 0.09144923539911644, -0.41450228999765565], [0.0744509545602234, 0.4575194397559878, -0.8860773203340885, 0.9207920085738714], [0.0, 0.0, 0.0, 1.0]], [[-0.06054129036306425, 0.8828080271529758, 0.4658162076993952, -0.21889192484008416], [0.9947480974825278, 0.014776628859373286, 0.10128116209070612, -0.40998493332419494], [0.08252862967520229, 0.4695014786279414, -0.8790662016310887, 0.9113160470173279], [0.0, 0.0, 0.0, 1.0]], [[-0.05798512605020971, 0.8797705588689041, 0.4718490107062186, -0.21894669860814925], [0.9951029934154141, 0.013036834521408913, 0.09797996448939696, -0.40350222170507977], [0.08004847064512463, 0.4752197435851726, -0.8762182591422178, 0.9077635317760794], [0.0, 0.0, 0.0, 1.0]], [[-0.04789097371425023, 0.8770358636400146, 0.4780319534569986, -0.21903589805770876], [0.9959649378206484, 0.005564371946467753, 0.08957053308289062, -0.39707222102379836], [0.07589662224771819, 0.480392684846527, -0.8737634525873308, 0.9024366517669565], [0.0, 0.0, 0.0, 1.0]], [[-0.03832930690461981, 0.8798653726164394, 0.4736747727109245, -0.21870447169248897], [0.9964313048427238, -0.002020542807025808, 0.0843834826028869, -0.38480463791292563], [0.07520318451793255, 0.4752187322457939, -0.8766479553167636, 0.9038860081669481], [0.0, 0.0, 0.0, 1.0]], [[-0.03237274037818394, 0.8756714254801107, 0.4818210874152742, -0.21853478624591338], [0.9968342618543914, -0.006738089268935812, 0.07922154092299713, -0.37023344289960364], [0.07261859316743166, 0.4828603863961451, -0.8726811486309011, 0.9014279813827978], [0.0, 0.0, 0.0, 1.0]], [[-0.022511836225398086, 0.8773483741487735, 0.47932561751722014, -0.21990883242690024], [0.9974241562228904, -0.012951111800406022, 0.07055013314083064, -0.3587727731346755], [0.06810484426835144, 0.47967916265107563, -0.8747969084910774, 0.9043607408295556], [0.0, 0.0, 0.0, 1.0]], [[-0.007306949699549447, 0.8808631005275597, 0.47331470145671856, -0.22328137007377724], [0.998018082440634, -0.023160745229853043, 0.058510571710742, -0.34993343588622805], [0.06250212482474733, 0.4728041645431777, -0.8789480680808279, 0.9083332770884728], [0.0, 0.0, 0.0, 1.0]], [[0.0014500801362507868, 0.880196139445473, 0.4746078943431978, -0.22244066909700638], [0.9971725697436792, -0.03693089353002532, 0.0654444440259146, -0.3398610101991879], [0.07513164059426349, 0.47317107393453317, -0.8777609990044299, 0.9051028677289599], [0.0, 0.0, 0.0, 1.0]], [[0.006944083031792229, 0.8787141050928204, 0.47729791663254856, -0.22370814269538344], [0.996704916996367, -0.044656812696309674, 0.06771320044918282, -0.3250966654403817], [0.08081514799907304, 0.47525497429351576, -0.876128769795375, 0.9021828804358484], [0.0, 0.0, 0.0, 1.0]], [[0.021504911902157996, 0.8773880548587351, 0.47929921756172944, -0.22920607074311633], [0.9971862708172512, -0.053259518318091816, 0.052753815047905446, -0.3088541205463254], [0.07181281262883521, 0.4768161332208994, -0.8760646637335656, 0.9022540153954116], [0.0, 0.0, 0.0, 1.0]], [[0.03467513976763051, 0.8799373057135066, 0.4738227228571362, -0.2332404430942393], [0.9974444483755684, -0.060104833386788035, 0.03862617517053478, -0.2936877018292025], [0.06246764832178071, 0.4712724764053186, -0.8797727240008891, 0.907957694094318], [0.0, 0.0, 0.0, 1.0]], [[0.04619757099656027, 0.8868316928547575, 0.45977748203058294, -0.23800971898167192], [0.9974015163321686, -0.06642177342092187, 0.027899161885457047, -0.2848632294482433], [0.05528109669958617, 0.4572938842407419, -0.8875957997780894, 0.9185198021715645], [0.0, 0.0, 0.0, 1.0]], [[0.05674019125310228, 0.8888719046109025, 0.45462873632223055, -0.2396143109528876], [0.9968504004974981, -0.07570883313724085, 0.023610413231777535, -0.27972778676342824], [0.055406044115594986, 0.45185717851815116, -0.8903680477741084, 0.9193391631900238], [0.0, 0.0, 0.0, 1.0]], [[0.06284398925113738, 0.889319257942572, 0.4529479997389052, -0.2407718802465681], [0.9960977784910027, -0.08406991201606419, 0.026860111297248728, -0.27357697581970997], [0.061966512733026155, 0.44949249976621813, -0.891132225852945, 0.917516328258899], [0.0, 0.0, 0.0, 1.0]], [[0.06701362637901885, 0.8905342235983352, 0.44995329810952983, -0.2436395494922776], [0.9957000960930937, -0.08859683570814535, 0.027054007886221625, -0.268915745038488], [0.06395695833712776, 0.44620555498852105, -0.8926422072575602, 0.9181461246783763], [0.0, 0.0, 0.0, 1.0]], [[0.06317649237407484, 0.888276671444574, 0.4549431676359768, -0.24496190088678085], [0.9953607041872321, -0.0892273132182281, 0.03599382079959995, -0.2644009153357499], [0.07256582784758928, 0.4505585883580561, -0.8897927618752524, 0.9132089767744674], [0.0, 0.0, 0.0, 1.0]], [[0.05812911370132283, 0.884860894868651, 0.46221445549933754, -0.2510001313003272], [0.9956198381847836, -0.08534568479224534, 0.03817396888257502, -0.25795872061264763], [0.07322666149158916, 0.4579708624133123, -0.8859461299803749, 0.9100228823597822], [0.0, 0.0, 0.0, 1.0]], [[0.05925359303390028, 0.8917908524081443, 0.44855109772881935, -0.2576031919138094], [0.9971032538732755, -0.07434010197782931, 0.016082610274857127, -0.2584448088970844], [0.047687659073390516, 0.4462988066296859, -0.8936124788592752, 0.923226537775188], [0.0, 0.0, 0.0, 1.0]], [[0.05374771848804145, 0.9010971333550887, 0.43027333058948875, -0.2577379110423267], [0.99814500321098, -0.06082190442763112, 0.0026923050994574053, -0.27030341674297725], [0.028596071798110766, 0.42933046968627475, -0.9026946396632027, 0.9366492094013934], [0.0, 0.0, 0.0, 1.0]], [[0.04628992352289004, 0.908823533252912, 0.41460466517628225, -0.25263930370069876], [0.9986505553358879, -0.05188515510525806, 0.0022358459308502664, -0.2855707823690838], [0.02354381675871943, 0.413941681985996, -0.9099988860471402, 0.9466098069115002], [0.0, 0.0, 0.0, 1.0]], [[0.031692533241803024, 0.9164180268976508, 0.3989656417709853, -0.24239444370576732], [0.9989417024801003, -0.04235395218767563, 0.017933705145418005, -0.30872339187001285], [0.03333254240042186, 0.39797505287530394, -0.9167904880102234, 0.948903373891235], [0.0, 0.0, 0.0, 1.0]], [[0.011687925573464167, 0.9095605118850497, 0.4154071106940704, -0.23069908458019345], [0.9975983968823278, -0.038970627267254095, 0.057260184667938537, -0.32566773175414127], [0.06827027855222825, 0.4137402149052028, -0.9078315943150461, 0.9239860610734714], [0.0, 0.0, 0.0, 1.0]], [[-0.006583064061465704, 0.8953616150005227, 0.445291187484346, -0.22217467206205274], [0.9956775908539593, -0.03538607454518226, 0.08587176951442606, -0.3273225563353071], [0.0926433933900229, 0.4439317561426971, -0.8912585469712158, 0.8983850164627301], [0.0, 0.0, 0.0, 1.0]], [[-0.0134003223609022, 0.8947303369352275, 0.4464057073205921, -0.22232222617120398], [0.9960902553346842, -0.027041826022335597, 0.08410078996455178, -0.32932421993667793], [0.08731915361424337, 0.4457873526841603, -0.8908698005875721, 0.9005111062839964], [0.0, 0.0, 0.0, 1.0]], [[-0.014918460667112101, 0.898208478364373, 0.43931647923300343, -0.22217243698321737], [0.9973381322896488, -0.017995072567692567, 0.07065994087372672, -0.33541214853876095], [0.07137288989748772, 0.43920121443097276, -0.8955491074363479, 0.9085858198540868], [0.0, 0.0, 0.0, 1.0]], [[-0.02440392148493105, 0.8951313979618963, 0.44513394500862136, -0.21509142955837338], [0.9971421281207181, -0.010050074879556078, 0.07487704803076363, -0.34095873403555427], [0.07149842615780637, 0.44568910282583346, -0.8923279658731202, 0.9038472586717834], [0.0, 0.0, 0.0, 1.0]], [[-0.035764765126232126, 0.8898986185397404, 0.45475414269308945, -0.21019951766798353], [0.9965558764630459, -0.002307931020154586, 0.08289184846157237, -0.3405864837474529], [0.07481488262662392, 0.4561525207378204, -0.8867511551512617, 0.8986333257476626], [0.0, 0.0, 0.0, 1.0]], [[-0.04160213991580646, 0.895603272001932, 0.4429040992515867, -0.20973431344634097], [0.9973073967862599, 0.010428783797358622, 0.07258923325067942, -0.3451775006606814], [0.06039220371736123, 0.44473140168863895, -0.8936256274761926, 0.9123846610678349], [0.0, 0.0, 0.0, 1.0]], [[-0.05060317327614972, 0.8951652242303718, 0.44285272967767975, -0.20410582757585877], [0.9970923281844104, 0.019985909209240118, 0.07353538270024869, -0.3520793772988029], [0.05697550289533206, 0.4452861829898476, -0.8935737279643782, 0.9139756882423632], [0.0, 0.0, 0.0, 1.0]], [[-0.05952168053691228, 0.8901562081101088, 0.4517511424546644, -0.19804074823444925], [0.9967007843041492, 0.027980768236324328, 0.07618807765260102, -0.3537900718444996], [0.055178946288919124, 0.4547955604136191, -0.8888848531246927, 0.9067606855983741], [0.0, 0.0, 0.0, 1.0]], [[-0.06576564581597708, 0.8859890681224041, 0.45901879155215586, -0.19681291180116534], [0.9966691023318289, 0.03609382334314191, 0.07312958617099177, -0.35236540382519127], [0.048224270730348046, 0.4622992613925186, -0.8854116628034996, 0.9065367594987536], [0.0, 0.0, 0.0, 1.0]], [[-0.06555377835476227, 0.889664025623777, 0.4518856311660179, -0.1934322784088804], [0.9975271539840258, 0.04692603443767997, 0.05232135660019026, -0.3543003446940624], [0.025343228049033134, 0.4541980501971018, -0.8905402023430528, 0.9174128232127616], [0.0, 0.0, 0.0, 1.0]], [[-0.07090110118392487, 0.892507923590122, 0.4454241127058068, -0.18489413245272251], [0.9972460564649309, 0.05368461443942002, 0.051168985114374885, -0.3585836841203586], [0.02175630290401261, 0.44782537724132976, -0.8938563054443425, 0.9205072643431159], [0.0, 0.0, 0.0, 1.0]], [[-0.0836181763146192, 0.8900109695709717, 0.44820583957949006, -0.17893747906656268], [0.9959954601731285, 0.06036422949413276, 0.06594848832306868, -0.35899248212907814], [0.03163927787316749, 0.4519254737685387, -0.8914944319819091, 0.9165336762456607], [0.0, 0.0, 0.0, 1.0]], [[-0.08280729273573931, 0.8904547005449901, 0.44747444457433455, -0.17590946077438013], [0.9963921506109592, 0.06560083421561158, 0.05384433815251788, -0.3589332594171164], [0.018591247151399683, 0.4503187280444236, -0.8926743015802615, 0.9200303842829599], [0.0, 0.0, 0.0, 1.0]], [[-0.09100622496847056, 0.8937910243482079, 0.439153130253639, -0.17103817686345218], [0.995637820757689, 0.07255246579825224, 0.058664039951860224, -0.36013555540041287], [0.020571749898054822, 0.44257625840206927, -0.8964948737192853, 0.9251934767589806], [0.0, 0.0, 0.0, 1.0]]], "detections": [{"0": {"tag_corners": [[98.18594360351562, 181.2828369140625], [107.80751037597655, 238.77127075195312], [49.66862106323243, 240.53863525390625], [37.218822479248054, 183.25674438476562]], "cMo": [[0.8594721981500966, 0.023497662461496652, 0.5106421452111912, -0.17382138220937224], [0.0414448805227201, -0.9988574455316177, -0.02379338951282737, -0.2671536914949879], [0.5094996197108482, 0.04161325948417448, -0.8594640621629294, 0.9620724812596577], [0.0, 0.0, 0.0, 1.0]], "cMo_refined": [[0.5886921531571646, 0.7013558272199201, -0.4019223213953726, 2961881063.947957], [-0.7016030131860523, 0.6902649380569152, 0.17688280633666967, -177898752.58511028], [0.4014906732409031, 0.17786039163891026, 0.8984269143267133, 676843164.4995587], [0.0, 0.0, 0.0, 1.0]], "confidence": 0.9093402657998567}, "1": {"tag_corners": [[109.98535919189455, 252.45660400390625], [118.16303253173825, 303.5683288574219], [63.32166671752928, 305.1211547851562], [52.548179626464865, 254.16744995117182]], "cMo": [[0.866117898018278, 0.026486937214926166, 0.49913748495717436, -0.07076966838597598], [0.039343603384165926, -0.9991093317949679, -0.015252016029434387, -0.2627720423792666], [0.49828893987841094, 0.0328479113062799, -0.8663885658973486, 1.0238533953606082], [0.0, 0.0, 0.0, 1.0]], "cMo_refined": [[0.6916752245727827, 0.058773688727589105, 0.7198131960623855, -49940490.334117904], [0.097308291141911, -0.9951789350371831, -0.01224678461088119, -1130935388.83224], [0.7156231411764394, 0.07851458954625443, -0.6940597805961312, 161204631.70678887], [0.0, 0.0, 0.0, 1.0]], "confidence": 0.8713670940777564}, "2": {"tag_corners": [[119.90058898925781, 315.7174377441406], [126.80492401123047, 361.7760620117188], [74.87617492675781, 363.44671630859375], [65.71054840087889, 317.3116149902343]], "cMo": [[0.8786337667770582, 0.03123384596157347, 0.47647366217410814, 0.03340864444212637], [0.03681053044143026, -0.999319446710836, -0.0023723984001271024, -0.25972579194700535], [0.4760752973299265, 0.01962371758859939, -0.8791855441146794, 1.0874285865710158], [0.0, 0.0, 0.0, 1.0]], "cMo_refined": [[0.167541126811243, 0.03511323113454729, 0.9852395809274572, 120007554041.36131], [-0.08430057638829563, -0.9951949707251138, 0.049803444299050814, -915735698117.8763], [0.9822542357492879, -0.09140038972969178, -0.1637760211686705, -45964282557.6932], [0.0, 0.0, 0.0, 1.0]], "confidence": 0.8959623141148306}, "3": {"tag_corners": [[128.50779724121094, 372.97186279296875], [134.46388244628906, 415.1780090332032], [84.99742126464844, 416.85449218749994], [77.05226898193361, 374.57821655273443]], "cMo": [[0.8896750950477431, 0.033885749030046895, 0.45533502090709127, 0.13945872561677558], [0.03555285663041934, -0.9993557600596555, 0.004905019980182379, -0.2558703105321824], [0.4552078861764209, 0.011824586600039029, -0.8903066659946632, 1.1457399822238925], [0.0, 0.0, 0.0, 1.0]], "cMo_refined": [[0.9096436816036286, 0.09202881789355018, -0.4050667465933293, 193375829.0333922], [-0.40907696336057664, 0.36782381343299825, -0.835081840491873, -63441880.963078685], [0.07214160080201959, 0.9253303944801138, 0.3722354771982366, 12424627.71462712], [0.0, 0.0, 0.0, 1.0]], "confidence": 0.8102496608068619}, "4": {"tag_corners": [[174.62162780761713, 178.8861541748047], [180.22442626953125, 236.48954772949222], [122.65162658691412, 238.27117919921878], [113.71031951904294, 180.80200195312497]], "cMo": [[0.8690898561278858, 0.0205012132669159, 0.4942292203322207, -0.17880190847250124], [0.045132603340581896, -0.9982596970043615, -0.0379555720871387, -0.15012038934114003], [0.49259097646151834, 0.05529265404504212, -0.8685026495741639, 0.9686477402840146], [0.0, 0.0, 0.0, 1.0]], "cMo_refined": [[0.8661803724758379, 0.4996838267415656, 0.006901857034330739, -1902283950.4944704], [0.4291322394084556, -0.7508176595088112, 0.5021138947191116, -144116227.9243606], [0.2560802285181379, -0.4319593909878743, -0.8647739595405743, -659233556.3785406], [0.0, 0.0, 0.0, 1.0]], "confidence": 0.9141835072930592}, "5": {"tag_corners": [[181.49670410156253, 250.12080383300776], [186.24627685546875, 301.30554199218756], [131.9107208251953, 302.94735717773443], [124.53680419921878, 252.0558013916015]], "cMo": [[0.8772117027493807, 0.029564152790527196, 0.4791926433380533, -0.07551402038765814], [0.04086364549103437, -0.9990779810045519, -0.013166257974491499, -0.1465790142751449], [0.4783615693559793, 0.031131153875919144, -0.8776109959552915, 1.0368595511660155], [0.0, 0.0, 0.0, 1.0]], "cMo_refined": [[0.9713421553671985, -0.06688019657952854, 0.2280821266826658, 1804874355.0186477], [0.23297847992980195, 0.07787713135414537, -0.969358643795808, 665635667.3957459], [0.04706851491392974, 0.9947171415621288, 0.09122698715985544, 824930436.9331381], [0.0, 0.0, 0.0, 1.0]], "confidence": 0.8583557897124447}, "6": {"tag_corners": [[187.42303466796875, 313.5903015136718], [191.5796356201172, 359.8408203125], [139.98580932617185, 361.3877868652344], [133.64416503906247, 315.252197265625]], "cMo": [[0.8857329342447644, 0.030999019192657507, 0.46315896839341525, 0.029964833999610568], [0.039252738306323254, -0.9991957483406184, -0.008190179087597471, -0.14217805247222143], [0.46253258450579965, 0.025434569135821188, -0.8862373784507515, 1.096512792378415], [0.0, 0.0, 0.0, 1.0]], "cMo_refined": [[0.8220274999222503, 0.5448365900140567, -0.16560156869253287, 3948593225.7803535], [-0.5103540603048328, 0.8338847667944492, 0.21017832628160268, -2899727729.0036683], [0.25260546807609957, -0.08825693111602442, 0.9635357759876053, 29950845.265415974], [0.0, 0.0, 0.0, 1.0]], "confidence": 0.8817023189215724}}, {"0": {"tag_corners": [[98.19764709472659, 181.26820373535156], [107.76266479492188, 238.74586486816403], [49.67660522460936, 240.5894470214844], [37.217235565185554, 183.2778472900391]], "cMo": [[0.8605403299370527, 0.02469763258167567, 0.5087832224992185, -0.17393040764827236], [0.04168679203754703, -0.9988880650817811, -0.02201919178342121, -0.26734160354160613], [0.5076736667599051, 0.04015794295077049, -0.8606130301689114, 0.9627185324290641], [0.0, 0.0, 0.0, 1.0]], "cMo_refined": [[0.6845860643680178, 0.6155128622364576, -0.39049434937601146, -2720018861.312547], [-0.46479068010263125, 0.7812715433790949, 0.4166346111352013, 298986549.5488237], [0.5615260850244143, -0.10372411449383467, 0.8209322529354202, -732487596.9446309], [0.0, 0.0, 0.0, 1.0]], "confidence": 0.9087305795851355}, "1": {"tag_corners": [[109.99232482910156, 252.48144531249991], [118.12571716308594, 303.5689392089843], [63.29347991943359, 305.1451721191407], [52.53446960449219, 254.15060424804688]], "cMo": [[0.8663191311997761, 0.0263924571920683, 0.4987931446207229, -0.07076161724870608], [0.03887485816944715, -0.999136658155919, -0.014652089657368896, -0.26282008071048635], [0.49797581097837457, 0.032083898335256246, -0.8665972046735686, 1.0239258448784048], [0.0, 0.0, 0.0, 1.0]], "cMo_refined": [[0.6375314991136151, -0.1816017912480397, 0.7487151508106743, 1092741394.009821], [-0.35957049482167597, 0.7893487181874844, 0.49763205317731485, -63741401.30524311], [-0.6813682168193955, -0.5864719861265995, 0.4379360256899171, -568764090.384308], [0.0, 0.0, 0.0, 1.0]], "confidence": 0.871737965896658}, "2": {"tag_corners": [[119.87410736083984, 315.7183837890625], [126.8520965576172, 361.78540039062506], [74.88879394531249, 363.3948059082031], [65.68666076660155, 317.3108825683594]], "cMo": [[0.8776493550448498, 0.03067255246174367, 0.47832081714560726, 0.03336751633143256], [0.037328412879044495, -0.9992933119477867, -0.004412061689781392, -0.25952324928221804], [0.47784746434536157, 0.021727200047507816, -0.878174088433953, 1.0865870988539137], [0.0, 0.0, 0.0, 1.0]], "cMo_refined": [[0.9432850731094016, 0.19661666501959885, -0.26749795865681625, -406508383.6611312], [0.28930846700361107, -0.8820505403278186, 0.37187021288000977, -195360766.7619288], [-0.1628308378932346, -0.4281690452893275, -0.8889079743634964, -177245571.14847085], [0.0, 0.0, 0.0, 1.0]], "confidence": 0.8960594527981942}, "3": {"tag_corners": [[128.496826171875, 372.9549865722657], [134.42269897460938, 415.20623779296875], [84.98303985595703, 416.8640747070312], [77.08334350585938, 374.5430297851562]], "cMo": [[0.8908238245823902, 0.03356932394332044, 0.45310706686873903, 0.1395375819467074], [0.035385852996846816, -0.9993637276824613, 0.004470033590542564, -0.25605208439285765], [0.45296882339084793, 0.012051567640910789, -0.891444897205266, 1.1464709764755074], [0.0, 0.0, 0.0, 1.0]], "cMo_refined": [[0.9726933487948831, -0.053127145163899145, 0.22593174999749685, 445900276.9272688], [-0.22740163866780194, -0.4129061704538653, 0.8819279954351845, -154547281.5459427], [0.04643429703781527, -0.9092227454523216, -0.41371228554485473, 29927858.291737992], [0.0, 0.0, 0.0, 1.0]], "confidence": 0.8094135757770843}, "4": {"tag_corners": [[174.6137390136719, 178.88516235351562], [180.20846557617188, 236.50961303710932], [122.60845947265624, 238.2510986328125], [113.73014831542969, 180.78765869140628]], "cMo": [[0.8695158539968695, 0.020089633695641308, 0.4934962879962412, -0.17883077676404754], [0.04466181358721714, -0.998277152566643, -0.038053239947955744, -0.15015745894708918], [0.49188159353160893, 0.0551283346511663, -0.8689150503146978, 0.9687623361166692], [0.0, 0.0, 0.0, 1.0]], "cMo_refined": [[0.9614827252931992, 0.2612258939620599, 0.0855102408281756, -189093748.92843756], [0.2556044100743967, -0.7353342948213248, -0.6276542522839668, -1855676.5942215265], [-0.10108093051257735, 0.6253355156900573, -0.7737817123086865, -69748342.40138371], [0.0, 0.0, 0.0, 1.0]], "confidence": 0.914249230410802}, "5": {"tag_corners": [[181.47312927246097, 250.06854248046878], [186.25462341308594, 301.30502319335943], [131.85955810546875, 302.94696044921875], [124.58277893066409, 252.09844970703125]], "cMo": [[0.87808733227425, 0.03057600102292415, 0.4775225073867588, -0.07556860817719246], [0.0406253166563175, -0.9991168407386843, -0.010729501336249867, -0.1466737431952919], [0.47677271371804075, 0.028820942278086334, -0.8785540010381481, 1.0374971116282807], [0.0, 0.0, 0.0, 1.0]], "cMo_refined": [[0.9597320671173306, 0.26008042993703107, -0.10617216824793976, -3010152598.52475], [0.2732419195470608, -0.952012220400721, 0.13788250654063317, -3165572422.7908363], [-0.06521666005659615, -0.16134095007610127, -0.9847415321187609, -1296807528.4883878], [0.0, 0.0, 0.0, 1.0]], "confidence": 0.8580939551120975}, "6": {"tag_corners": [[187.41770935058594, 313.58364868164057], [191.59436035156253, 359.8424072265624], [139.96876525878906, 361.39950561523443], [133.63229370117188, 315.250213623047]], "cMo": [[0.8856776624361964, 0.031133081873246923, 0.46325566318678596, 0.029957693604913856], [0.03933656776263552, -0.999193550170232, -0.00805504406343202, -0.14214006181849564], [0.4626312923897505, 0.025357060383292676, -0.8861880764208618, 1.096153455634674], [0.0, 0.0, 0.0, 1.0]], "cMo_refined": [[0.995944573062453, -0.08996761929605473, -0.0004846293929303136, -4380859683.63583], [-0.08996747582310627, -0.995944655633823, 0.00031017486328960286, 3602376101.5052996], [-0.0005105697478671456, -0.000265316088601808, -0.9999998344629399, -569002225.4091216], [0.0, 0.0, 0.0, 1.0]], "confidence": 0.8814074850002509}}, {"0": {"tag_corners": [[98.24234008789062, 181.3686065673828], [107.77718353271486, 238.85762023925784], [49.68395614624022, 240.51307678222653], [37.173748016357415, 183.22225952148432]], "cMo": [[0.8580052842692354, 0.021201001888032388, 0.5132031271192844, -0.1735850666322615], [0.04037176343541682, -0.9988403071923769, -0.02623283143225586, -0.26687314076948104], [0.5120518068351905, 0.0432268232325956, -0.8578661835449832, 0.9610470402375639], [0.0, 0.0, 0.0, 1.0]], "cMo_refined": [[0.557203360703324, 0.48647451320079727, 0.6729539083971277, 524443948.141618], [-0.5018319171718787, -0.44840209547192356, 0.7396622794789405, -664817917.2894666], [0.6615807900238031, -0.7498520579303878, -0.005722716928555915, 139581677.57012364], [0.0, 0.0, 0.0, 1.0]], "confidenc