{"tag_size": 0.0955, "grid": [[[-0.10010868552524943, 0.9939531617138772, 0.04511500195493043, -0.12804544357008565], [0.9933752945149851, 0.09727340188248086, 0.06118340897233503, -0.2971340418250856], [0.05642495307639476, 0.05094111900219735, -0.9971064271506479, 0.8492553728593387], [0.0, 0.0, 0.0, 1.0]], [[-0.09991763357264909, 0.9939710630584978, 0.04514412811874446, -0.12804951174928617], [0.9932427619681625, 0.09694687073297921, 0.06379749252862037, -0.2971516378317911], [0.05903627951605838, 0.05121357298063484, -0.9969412658945656, 0.8492755066002152], [0.0, 0.0, 0.0, 1.0]], [[-0.09966184943082014, 0.9939656539077963, 0.045823516011714305, -0.12798294399469573], [0.9928840137356455, 0.09632536877917279, 0.07001970149715188, -0.29710470259712085], [0.0651832113064585, 0.05247572944899068, -0.9964925723669865, 0.8488495270119016], [0.0, 0.0, 0.0, 1.0]], [[-0.1010516048891672, 0.9939598922923019, 0.04280543964964905, -0.1279968425326407], [0.9936120626963667, 0.09865668726138296, 0.05478984324562134, -0.2973290553941291], [0.050235863818528424, 0.04806860277650859, -0.9975799553988245, 0.8498517665848322], [0.0, 0.0, 0.0, 1.0]], [[-0.10109593797753999, 0.9939629044525796, 0.042630457382411654, -0.12792143697507144], [0.9936281904213007, 0.09873029365389394, 0.05436311539183183, -0.29737302184291814], [0.049826002493990544, 0.04785471436763656, -0.9976107937408557, 0.8499476715192299], [0.0, 0.0, 0.0, 1.0]], [[-0.10154414519314206, 0.9939354116804427, 0.04220407545039418, -0.12792116451409682], [0.9934984115652656, 0.09912173084612864, 0.05599811328392429, -0.29739097466745135], [0.051475166772781654, 0.04761596246739209, -0.9975384841318239, 0.8497900000167865], [0.0, 0.0, 0.0, 1.0]], [[-0.10481780242092421, 0.9937646641548513, 0.0380134262181487, -0.13136600002473825], [0.9927036250247753, 0.10226195012315266, 0.06389058161949558, -0.2982806940799105], [0.05960487528982571, 0.04443293636711829, -0.9972326574112376, 0.8502999198200216], [0.0, 0.0, 0.0, 1.0]], [[-0.1090885857095249, 0.9860642821646983, 0.12560617782144667, -0.13698574677545208], [0.9940320039370019, 0.10818419491493984, 0.014019811681791368, -0.29158961198631966], [0.0002358323181339299, 0.12638596207500052, -0.9919811152302714, 0.8452897118723466], [0.0, 0.0, 0.0, 1.0]], [[-0.11713872296074407, 0.9879198414356332, 0.10145396237170409, -0.1407868013672158], [0.9907048339292625, 0.12335671092758702, -0.05733283438238119, -0.24429853860258602], [-0.069155271760842, 0.09379503593965263, -0.9931868100316085, 0.8705643570715006], [0.0, 0.0, 0.0, 1.0]], [[-0.10347428024275325, 0.9933575826626061, 0.0503367290847141, -0.13901090910028463], [0.9903583344825728, 0.10758411354234801, -0.08726985638930111, -0.2475787445673494], [-0.09210560595938919, 0.040821213602866314, -0.994912149825723, 0.8938745150559047], [0.0, 0.0, 0.0, 1.0]], [[-0.10512571699849915, 0.9935707715164483, 0.042020300019881274, -0.13793490714746653], [0.994353765009417, 0.10440619501238005, 0.01897199131961597, -0.25375419866379667], [0.014462836414279694, 0.04377748772195792, -0.998936613570454, 0.868092338006218], [0.0, 0.0, 0.0, 1.0]], [[-0.09433811552825323, 0.9944254430428158, 0.04709944997213668, -0.14308589063148602], [0.9955063300147642, 0.09383893116320623, 0.01270440469599082, -0.25439190268479034], [0.008213821224645623, 0.048086310185403575, -0.9988094112059824, 0.867456956561504], [0.0, 0.0, 0.0, 1.0]], [[-0.0884223417544963, 0.9956254336573825, 0.03019081537821044, -0.1447286540885122], [0.9960618413436355, 0.08818193480496726, 0.009206225783418603, -0.26207549171812733], [0.0065036680245736745, 0.030885955199776268, -0.9995017559132261, 0.876135788640714], [0.0, 0.0, 0.0, 1.0]], [[-0.08954000217877162, 0.9958486771151418, 0.01637071464076981, -0.14184686905656516], [0.9958672641035459, 0.08976829583548035, -0.013785693660738214, -0.27839395040769394], [-0.01519803595007165, 0.015068687760304598, -0.9997709509444854, 0.8804209747680044], [0.0, 0.0, 0.0, 1.0]], [[-0.09584760478590662, 0.9953254534308609, 0.011852358814061768, -0.14290463045451604], [0.9922266226231595, 0.09458620558012569, 0.08086890052292774, -0.2903100914154854], [0.0793698054340417, 0.019511316372986375, -0.9966542743192113, 0.8591793097153049], [0.0, 0.0, 0.0, 1.0]], [[-0.09266014092820524, 0.9954602034933208, 0.021750437793357086, -0.14484602054061818], [0.993237899247187, 0.09087461410480506, 0.07225150524613753, -0.30319695833226157], [0.06994693547393649, 0.02829819379996234, -0.9971492558516322, 0.8569213442227058], [0.0, 0.0, 0.0, 1.0]], [[-0.08906055643060476, 0.9957364572403496, 0.024023426289987906, -0.14279106380898743], [0.9908034897284479, 0.08610105552790637, 0.10437937046612525, -0.31378891745025084], [0.1018659021959522, 0.03309857941694317, -0.9942473645981592, 0.8441729205619546], [0.0, 0.0, 0.0, 1.0]], [[-0.08263318337181685, 0.9960101965295399, 0.03369637094746653, -0.1443150350997983], [0.9861724646434754, 0.07684966755338123, 0.14682642328934975, -0.31272018320009076], [0.14365105981108578, 0.04536316794630033, -0.9885881629925712, 0.8292500552776948], [0.0, 0.0, 0.0, 1.0]], [[-0.06640888466519032, 0.9969818841459893, 0.04021172369149538, -0.14779599774316307], [0.9850717007545094, 0.059094287249087815, 0.1616836713683092, -0.307543813294706], [0.15881940816581086, 0.05034866333119409, -0.9860230259434222, 0.8269852179313489], [0.0, 0.0, 0.0, 1.0]], [[-0.056238976983375356, 0.997909989735328, 0.03182498789165053, -0.14992537400306818], [0.9846565936034928, 0.050161745537578295, 0.16713824205664418, -0.30367836565446754], [0.1651925244707681, 0.04073636791693009, -0.9854196964684186, 0.8311842149912649], [0.0, 0.0, 0.0, 1.0]], [[-0.041348912195884824, 0.9988145330927635, 0.02568649339448022, -0.15040739094673866], [0.9834300575998812, 0.03614344411572627, 0.17764845413496855, -0.29671400208192616], [0.17650945943293642, 0.032606440010233745, -0.9837587259082132, 0.8384631489950581], [0.0, 0.0, 0.0, 1.0]], [[-0.03071230586519726, 0.9993966023113652, 0.01622299469717781, -0.14852636117668114], [0.98338916792331, 0.027307511882105354, 0.17944370762416245, -0.2937339828611583], [0.1788924220852845, 0.021464647290619834, -0.9836344698296972, 0.8443673049936269], [0.0, 0.0, 0.0, 1.0]], [[-0.01575471888206263, 0.9998625413124766, 0.005165976490941531, -0.15141100586920542], [0.9850406080564668, 0.014634051958343008, 0.17169986896623754, -0.28187973652653786], [0.1716006681592166, 0.007793779791492164, -0.9851357610420358, 0.8551602959696538], [0.0, 0.0, 0.0, 1.0]], [[-0.0017873014463945726, 0.9999799047700897, 0.006082401626338293, -0.1513926592024758], [0.979511752768114, 0.0005257808599861202, 0.2013863196535971, -0.275952321779345], [0.20137907473884392, 0.0063177219384548365, -0.9794930089831339, 0.8601679338321547], [0.0, 0.0, 0.0, 1.0]], [[0.005890904054183928, 0.9998725621006478, -0.014837682019544138, -0.14709036736324801], [0.9808573703419173, -0.0028895175284820405, 0.1947061111891127, -0.276753446511769], [0.19463842450903313, -0.015700644787438413, -0.9807493938096005, 0.8707801780233269], [0.0, 0.0, 0.0, 1.0]], [[0.009975740963970076, 0.999644130755223, -0.024740582831798932, -0.14584203878433052], [0.981459896428461, -0.005052267028479887, 0.19160100808842903, -0.2750215994642204], [0.19140782715147434, -0.02619325188880338, -0.9811610251434975, 0.8748669573687974], [0.0, 0.0, 0.0, 1.0]], [[0.008084388076672127, 0.9992185784878878, -0.03868946980862756, -0.14010884525456746], [0.9826930834002675, -0.0007782596595341043, 0.18523956960965615, -0.27329097232314925], [0.18506470897146693, -0.03951742294924259, -0.9819314776382084, 0.8862467782073585], [0.0, 0.0, 0.0, 1.0]], [[0.0036650962870658182, 0.9984658966689367, -0.05524871272983655, -0.12683158894335725], [0.9850933222944503, 0.005896925028724384, 0.17191966916581036, -0.27390293216859335], [0.1719817241455684, -0.055055240116660305, -0.9835604745492832, 0.9015245456216481], [0.0, 0.0, 0.0, 1.0]], [[-0.013240347467811405, 0.997387159921667, -0.07101793028752995, -0.10882083774757854], [0.9862874676237805, 0.024711768182287503, 0.16317585520403738, -0.2711170422247789], [0.16450448141979426, -0.06788358959791205, -0.9840376485968936, 0.9136323818841383], [0.0, 0.0, 0.0, 1.0]], [[-0.02568773413837976, 0.99595213763824, -0.08613640257554848, -0.09154274885131664], [0.9851678327518628, 0.0398444764123795, 0.16690344217665076, -0.27726354630168987], [0.1696598998756835, -0.08057144179698168, -0.982203523278615, 0.9260915712718699], [0.0, 0.0, 0.0, 1.0]], [[-0.034450225586541885, 0.9963031544541913, -0.0786969273965956, -0.07800460333066718], [0.9884422597760891, 0.045598441781672196, 0.14457759576025017, -0.27629672921513426], [0.14763157198162938, -0.07280663796462607, -0.9863590180165214, 0.9300651430106888], [0.0, 0.0, 0.0, 1.0]], [[-0.054529844257565394, 0.9945562684241752, -0.08879372175680865, -0.0702829898069612], [0.9889348204829314, 0.06607983940158595, 0.13282084046205067, -0.2721610256593372], [0.13796527433245806, -0.08056850354102721, -0.9871546481253705, 0.9399992187893853], [0.0, 0.0, 0.0, 1.0]], [[-0.05053087837255655, 0.9943586272059438, -0.09326066068824768, -0.05509667357397787], [0.994426377650496, 0.05874568042566071, 0.08755069653767915, -0.2526347088776442], [0.09253545138920793, -0.08831684738732883, -0.9917849185704299, 0.9736312040946885], [0.0, 0.0, 0.0, 1.0]], [[-0.06466188452150826, 0.9928602292733759, -0.10023674883667318, -0.039330228864450534], [0.9942277117626985, 0.07271553514099369, 0.07889048175959242, -0.2409772568581885], [0.08561599063976742, -0.0945569462090337, -0.9918310773868646, 0.9827049645691838], [0.0, 0.0, 0.0, 1.0]], [[-0.078095304325575, 0.9912007142627305, -0.10687500871273566, -0.029111573601527788], [0.9827172433119322, 0.09458431577980526, 0.1591245641183527, -0.24331078137219522], [0.16783308118391096, -0.0926010326806219, -0.9814566244143406, 0.9946262628433863], [0.0, 0.0, 0.0, 1.0]], [[-0.08382485690119346, 0.9879773567435833, -0.12990048470831203, -0.022407479335091525], [0.9866074542206767, 0.10059112410368401, 0.12840232485335168, -0.26183724567305905], [0.13992542528676719, -0.11739748001348789, -0.9831778613479832, 1.0199773767761886], [0.0, 0.0, 0.0, 1.0]], [[-0.094644755940123, 0.9876946846732437, -0.1245053414165591, -0.016387802656945234], [0.9803268948466642, 0.11422982114143508, 0.16096809373998502, -0.2877945539124982], [0.17320955347013411, -0.1068211487965524, -0.9790749168252937, 1.0187438717312092], [0.0, 0.0, 0.0, 1.0]], [[-0.11523979547294039, 0.9858509235074421, -0.12172816501893566, -0.0047188803316660175], [0.9863585335776099, 0.12806867746981657, 0.10341787606478621, -0.31089215373293244], [0.11754417373044981, -0.10814975945721968, -0.9871610794350463, 1.0181091736161643], [0.0, 0.0, 0.0, 1.0]], [[-0.1055149891593365, 0.9903726361130586, -0.08960261548177594, -0.007449204031700291], [0.9839500758517663, 0.11701909872302267, 0.1347174033499261, -0.3065481770837974], [0.1439056471928749, -0.07394979494576938, -0.9868244993581546, 1.0063965634599], [0.0, 0.0, 0.0, 1.0]], [[-0.11360205664531302, 0.9867069269618006, -0.11620676835517837, 0.0032973701730811098], [0.9839855843929102, 0.12790938644594563, 0.12414329851408161, -0.31668024146991286], [0.13735698902090718, -0.1002428508404499, -0.9854361615155409, 1.0209777547784984], [0.0, 0.0, 0.0, 1.0]], [[-0.11706074630275182, 0.9874044869199996, -0.10643853101811399, 0.006624206883078002], [0.981255795199001, 0.13151565585954184, 0.14085700782070415, -0.32100677643260106], [0.15308117475186137, -0.08795459893652961, -0.9842916958211613, 1.012748843990288], [0.0, 0.0, 0.0, 1.0]], [[-0.12387260889425425, 0.9860035080097442, -0.11159148246263452, 0.00869477417995472], [0.9803166206191627, 0.13902363944401105, 0.140184703208151, -0.3264849899362614], [0.15373646315544884, -0.09202994006419288, -0.9838168478066573, 1.015753281041081], [0.0, 0.0, 0.0, 1.0]], [[-0.12692451501922072, 0.9863217332091384, -0.10516466177597643, 0.0056290604552695625], [0.9783153716564156, 0.14197364333698106, 0.150806227253335, -0.3293692847277209], [0.1636740696258765, -0.0837431979144785, -0.9829536488233578, 1.009764293902278], [0.0, 0.0, 0.0, 1.0]], [[-0.1277014105190852, 0.9862295909886291, -0.10508826580468775, -0.0011375250290659136], [0.9785581433786136, 0.14254994741849092, 0.1486723663576321, -0.3306312033885104], [0.1616054138289568, -0.08384930738763455, -0.9832868268576463, 1.0115955342733882], [0.0, 0.0, 0.0, 1.0]], [[-0.13007993942049134, 0.9869845988119781, -0.0945548045755445, -0.006346442801262752], [0.9796082219216755, 0.14266140771911429, 0.14147598485624943, -0.33248659290710136], [0.15312393968222685, -0.07422347644484614, -0.9854156151800257, 1.002460235016377], [0.0, 0.0, 0.0, 1.0]], [[-0.13156794532397525, 0.986398518897234, -0.09852835977814438, -0.014557101218458], [0.9738395973380721, 0.14718588234887986, 0.17312641246671687, -0.33175027495061493], [0.18527362040949438, -0.07317293184317263, -0.9799588805790919, 0.996864193852826], [0.0, 0.0, 0.0, 1.0]], [[-0.12673593151258608, 0.9873856566126794, -0.09490821239063456, -0.030571608921802874], [0.9780154647522636, 0.14035749136180234, 0.1542255663760998, -0.33412457885013946], [0.16560119072350954, -0.0732757786323026, -0.9834667792542767, 0.9930147972080634], [0.0, 0.0, 0.0, 1.0]], [[-0.12802484364618968, 0.9876766635016191, -0.0900247065181556, -0.04859860672261498], [0.977088142796135, 0.14117026719714518, 0.15927873953130342, -0.33721207330193903], [0.17002470590053292, -0.06757043757293521, -0.9831204582092853, 0.9835586964253117], [0.0, 0.0, 0.0, 1.0]], [[-0.12520924862928864, 0.9887081110258913, -0.0823341681764328, -0.06408670021729525], [0.9797872287947258, 0.1362746662721239, 0.1464452171399497, -0.34230639709597144], [0.15601163529825132, -0.062333670869260546, -0.9857864287600648, 0.9768976186197563], [0.0, 0.0, 0.0, 1.0]], [[-0.11968897052559926, 0.9912898466543322, -0.0549453387882472, -0.07757463169854018], [0.981105804912943, 0.12656994717679904, 0.14632651173927214, -0.3427702398389394], [0.15200641401152515, -0.03639352128738263, -0.9877092495808958, 0.9549172567477423], [0.0, 0.0, 0.0, 1.0]], [[-0.11224893978844566, 0.9929170748101447, -0.03893402197099512, -0.08737883965932279], [0.9808667459592483, 0.1169883551185969, 0.15560896965777646, -0.33593834164912884], [0.15906163015535701, -0.020722145572138508, -0.9870511590060578, 0.9369949524650413], [0.0, 0.0, 0.0, 1.0]], [[-0.10003902732238151, 0.9945867813228599, -0.028094971618217085, -0.1055824074644776], [0.9841089991782068, 0.10306948604950306, 0.14458962197182054, -0.32655054922117505], [0.14670266101490578, -0.013183909258172446, -0.9890927730945224, 0.9266885719216742], [0.0, 0.0, 0.0, 1.0]], [[-0.09558233228795023, 0.9943571916688442, -0.04601948642529901, -0.11904751100108969], [0.9891009854560144, 0.10007542207481436, 0.10800069660184557, -0.33174376698552327], [0.11199668889896676, -0.03519496090351578, -0.9930851204215383, 0.9367457960058719], [0.0, 0.0, 0.0, 1.0]], [[-0.08732032060103137, 0.9954734640932429, -0.03751991333059145, -0.12817280485610175], [0.9865654033000789, 0.09163641981283377, 0.135245966946278, -0.3391390561365239], [0.13807196174995362, -0.02520612723303411, -0.9901014011344617, 0.9213965861593807], [0.0, 0.0, 0.0, 1.0]], [[-0.07170327832886754, 0.9971321417133538, -0.024210159830849183, -0.13126918973864773], [0.9801203200584109, 0.0749403239005444, 0.18370657599083506, -0.3453491410968219], [0.1849940487839748, -0.010556505852963544, -0.9826829407793144, 0.9035466782815297], [0.0, 0.0, 0.0, 1.0]], [[-0.06749784029004909, 0.9973091592674782, -0.028609131363544794, -0.12982056264511227], [0.977772132521964, 0.07182631725160495, 0.19698384962610593, -0.3489773399239934], [0.19850868600549265, -0.014677226961152721, -0.9799892247311177, 0.8865895230624738], [0.0, 0.0, 0.0, 1.0]], [[-0.050397855704582724, 0.9984510904756664, -0.023568539800614855, -0.1370607672472251], [0.9770348731592201, 0.054181290683332745, 0.20607582189726312, -0.34505593473809254], [0.20703360299990942, -0.012641505758460828, -0.9782521554083223, 0.8809339821320967], [0.0, 0.0, 0.0, 1.0]], [[-0.03555111201849506, 0.9987216744321068, -0.035932373339075965, -0.1438555228564367], [0.9765881068839787, 0.04235134409592764, 0.21090764126989842, -0.33824481780595606], [0.21215981694706432, -0.027593127274714566, -0.9768453467157343, 0.8790882433605164], [0.0, 0.0, 0.0, 1.0]], [[-0.02296312101916985, 0.999077930203365, -0.036276500018878395, -0.1509489935991275], [0.9760445382711489, 0.030256941769530372, 0.21545667032099736, -0.3310979960035138], [0.21635562018148316, -0.03045992211605192, -0.9758393508977604, 0.8792592609183949], [0.0, 0.0, 0.0, 1.0]], [[-0.022282588697722733, 0.9985685822839507, -0.04862378755660537, -0.15552249023144157], [0.9783392234460752, 0.03179154722048405, 0.20455234389332852, -0.323693794653858], [0.20580536948256362, -0.043012602813007006, -0.9776472093201054, 0.8796007882467902], [0.0, 0.0, 0.0, 1.0]], [[-0.01205350782274266, 0.9993648445157741, -0.033535361860754676, -0.16216010260184485], [0.9757551883343916, 0.019085147360880718, 0.21803112068859984, -0.31420422424734185], [0.21853266434947424, -0.030094263509482078, -0.9753654750482702, 0.8770949825830608], [0.0, 0.0, 0.0, 1.0]], [[-0.004337315491202655, 0.9979423353239817, -0.06397095483458154, -0.16536709719637793], [0.9603381049529605, 0.02199251809282041, 0.27796951869456815, -0.3021831784971477], [0.2788044330165539, -0.06022810403835844, -0.9584574396467783, 0.8956202547204408], [0.0, 0.0, 0.0, 1.0]], [[0.012633733395771321, 0.9993020051090362, -0.03515524662897876, -0.17476502122943255], [0.9827360808804927, -0.005918910075815987, 0.18491825718181423, -0.26783684865364504], [0.18458110443956408, -0.036884537255796226, -0.9821249140487635, 0.8934993568642827], [0.0, 0.0, 0.0, 1.0]], [[0.025862812738682017, 0.998511120982679, -0.04802766068796012, -0.17067503058125763], [0.9816247799648492, -0.016280530822826655, 0.19012557869756136, -0.2558386789269356], [0.18906058890260283, -0.05206232409373469, -0.980584319747035, 0.9034532159025654], [0.0, 0.0, 0.0, 1.0]], [[0.026049965870268085, 0.9983133654638109, -0.05188278726590088, -0.16978639859311645], [0.9835261968653296, -0.01630794758393006, 0.1800285280871175, -0.2526450406178049], [0.17887878397890467, -0.05571781745474931, -0.9822921690924257, 0.9037040860712741], [0.0, 0.0, 0.0, 1.0]], [[0.01992148145330782, 0.9983085942566581, -0.05461762728279361, -0.16845977276016066], [0.9813561879861838, -0.009079753910781274, 0.1919833075299459, -0.2513622333007521], [0.1911626712460442, -0.05742393840739594, -0.9798771986426947, 0.9069184168021055], [0.0, 0.0, 0.0, 1.0]], [[0.010581694787461923, 0.998570055520333, -0.052401068248135965, -0.1701403434109289], [0.9851945800091371, -0.0014437775125510722, 0.17143382112963185, -0.24799501923845216], [0.17111302479950774, -0.05343930879619539, -0.9838010840710341, 0.9077353262297945], [0.0, 0.0, 0.0, 1.0]], [[-0.001165221551226082, 0.9981293253359556, -0.06112685304453459, -0.16435758893746896], [0.9854512500249768, 0.011534910335231404, 0.1695664461730606, -0.25362430564542576], [0.16995433528727505, -0.060039951265384896, -0.983621232065018, 0.9153101303749365], [0.0, 0.0, 0.0, 1.0]], [[-0.027072543555322764, 0.9974214734959977, -0.0664641376572264, -0.15393135426858143], [0.9869878171167501, 0.037213185999094296, 0.15642962523416815, -0.25922264880431745], [0.1584996096163973, -0.061364346300359036, -0.9854502984699799, 0.9183698604189611], [0.0, 0.0, 0.0, 1.0]], [[-0.05684978111429375, 0.9965222605321544, -0.0609219718257936, -0.14513377998169957], [0.9882970908614684, 0.06482220269172928, 0.13808309901267632, -0.2613506133328657], [0.14155197837546774, -0.05235901357052297, -0.9885451790969931, 0.9195501076969617], [0.0, 0.0, 0.0, 1.0]], [[-0.08040722574643394, 0.9946537286009419, -0.06479689983330461, -0.1370958876696212], [0.9880352950527396, 0.08811800923217555, 0.12657595418956297, -0.26577666540583084], [0.13160901860359703, -0.053844002722712475, -0.989838314874197, 0.9263423268615715], [0.0, 0.0, 0.0, 1.0]], [[-0.11223857276591341, 0.9918652719742, -0.06004818927343993, -0.12939088010374505], [0.9857688967401096, 0.11875218748293677, 0.1189857142172962, -0.271070714985608], [0.12514865162379218, -0.04583885054803886, -0.9910785109047505, 0.9264712224207622], [0.0, 0.0, 0.0, 1.0]], [[-0.1320730207617977, 0.9893674725501618, -0.06089927295591815, -0.11831455331509437], [0.9835436434433436, 0.13844111210351467, 0.11608600226440585, -0.2814435763290732], [0.12328267773309919, -0.04456526381889428, -0.9913704245294516, 0.9337597110446375], [0.0, 0.0, 0.0, 1.0]], [[-0.15096560655696573, 0.9867410615062635, -0.059594153860771354, -0.10688676421437032], [0.9801237526279792, 0.15725760688207222, 0.12094409705383946, -0.29190687411678146], [0.1287121407301277, -0.04015124674549187, -0.9908688420842827, 0.9298080682704746], [0.0, 0.0, 0.0, 1.0]], [[-0.17034026754104317, 0.9829046299716484, -0.06987618789218712, -0.08906046777187451], [0.9776216052260958, 0.17745681182832418, 0.1129826399535631, -0.3082290544135017], [0.12345116544284004, -0.049066977857057846, -0.9911368429408606, 0.9380756522781178], [0.0, 0.0, 0.0, 1.0]], [[-0.1865881811521192, 0.9799650597924673, -0.06966586136905047, -0.07622750820776418], [0.978217642568393, 0.19188482764165687, 0.07918621527048865, -0.32580471181733667], [0.09096754598359012, -0.053373162796289245, -0.9944225515699252, 0.9339156422469232], [0.0, 0.0, 0.0, 1.0]], [[-0.1926867777353914, 0.9783453058752992, -0.07557954854139327, -0.06517916203332484], [0.9778211515330335, 0.19788404166208895, 0.06861269321405147, -0.3374686493453491], [0.08208289286179493, -0.060682522419930475, -0.9947763719410457, 0.9364805161548388], [0.0, 0.0, 0.0, 1.0]], [[-0.1971463831711374, 0.9777248252628971, -0.07202409088060968, -0.059616074438816384], [0.9715926348013892, 0.2046635203106301, 0.11883011172995234, -0.3409983565290077], [0.13092385421393518, -0.04655114948848497, -0.9902989118842173, 0.9169174897752717], [0.0, 0.0, 0.0, 1.0]], [[-0.20320351386036004, 0.9762271576584993, -0.07542458886073682, -0.05830238685471128], [0.9709757228180167, 0.21083593722712024, 0.11293517287182984, -0.34551890201342966], [0.12615259669476, -0.05028662072132354, -0.9907354733346305, 0.9189861525200589], [0.0, 0.0, 0.0, 1.0]], [[-0.2081349773164309, 0.9750873615426179, -0.07671028990523564, -0.057180042193042326], [0.9694894847584006, 0.21605094646738293, 0.11581073988813234, -0.3493478903857805], [0.1294989195336295, -0.05026555371627988, -0.990304702578562, 0.9191639615833729], [0.0, 0.0, 0.0, 1.0]]], "detections": [{"0": {"tag_corners": [[97.319465637207, 223.4717712402344], [105.85220336914061, 291.34164428710943], [37.34615707397461, 297.9040222167968], [28.41360092163086, 229.65544128417963]], "cMo": [[0.9885938840010152, 0.10037470807632619, 0.11228112260919, -0.08503590014127488], [0.09320034570149141, -0.9933614362881226, 0.06742961112686748, -0.24498004172943388], [0.11830396475566732, -0.05619586171765994, -0.9913859980093018, 0.8522556873320448], [0.0, 0.0, 0.0, 1.0]], "cMo_refined": [[-0.0877834816544944, -0.923138406120242, 0.37431209370576446, 358813589481.8735], [0.574702680717909, -0.35385404370283735, -0.7379052408885549, 633022868110.8107], [0.8136405159062959, 0.15034227250154003, 0.5615926566247178, -68700292695.72973], [0.0, 0.0, 0.0, 1.0]], "confidence": 0.9088267801405665}, "1": {"tag_corners": [[107.72928619384766, 308.1934204101562], [115.20785522460938, 374.46713256835943], [47.6059799194336, 381.5890502929688], [39.426639556884766, 314.79278564453125]], "cMo": [[0.992205137165203, 0.09960139761755572, 0.07489010198691193, 0.0333786015365141], [0.09422402188987533, -0.992929020918778, 0.0722066002258311, -0.2332540528369821], [0.08155243394207681, -0.06458731307235394, -0.9945741196654058, 0.8621509319824792], [0.0, 0.0, 0.0, 1.0]], "cMo_refined": [[0.7907834121175548, 0.601428672250901, -0.11377674329244578, -315081895.1585999], [-0.49179100792147595, 0.5136181508166435, -0.7030917434298812, 247363823.17309767], [-0.36442173322579635, 0.6119476671629792, 0.7019379267474399, -167624887.5158454], [0.0, 0.0, 0.0, 1.0]], "confidence": 0.8720437029552314}, "2": {"tag_corners": [[116.90572357177736, 391.0716247558593], [123.87721252441403, 456.81231689453125], [56.7533836364746, 464.42193603515625], [49.429145812988295, 398.2759704589843]], "cMo": [[0.9945466917136343, 0.10023869678351094, 0.028793778296857142, 0.15217697665508906], [0.09822056309472779, -0.9930683143629164, 0.06456039028499826, -0.22194453029945213], [0.0350656382634025, -0.06138018145574402, -0.9974983079372315, 0.8691820609929505], [0.0, 0.0, 0.0, 1.0]], "cMo_refined": [[0.218104158509292, -0.8059036227559382, -0.5504088724482995, 99649103.2998175], [0.9377404510969747, 0.01684160207274682, 0.34692824447724435, 97919699.25732736], [-0.27032096185348714, -0.5918071571622613, 0.7594016501918645, 11592156.353828644], [0.0, 0.0, 0.0, 1.0]], "confidence": 0.9059712171860231}, "3": {"tag_corners": [[125.51731872558597, 473.6330566406251], [131.94306945800784, 539.6046752929689], [65.62469482421872, 546.8189086914061], [58.497356414794915, 481.1205749511719]], "cMo": [[0.9949862063722019, 0.09910307759567251, 0.013454706987537196, 0.27132270045902046], [0.0985679499571302, -0.9944835978835229, 0.03587105771916904, -0.21031100963598143], [0.016935417630016165, -0.03436500475351888, -0.9992658495505524, 0.8719850315625556], [0.0, 0.0, 0.0, 1.0]], "cMo_refined": [[0.1260839506296117, 0.907509901864928, 0.4006602243931089, -1664809730.0330555], [-0.9615498977298186, 0.21113102414843815, -0.17562882684174327, 1324740137.4918902], [-0.2439767029234632, -0.36311082145694984, 0.8992362869521322, 134430151.06980184], [0.0, 0.0, 0.0, 1.0]], "confidence": 0.8522800766221498}, "4": {"tag_corners": [[182.5070343017578, 215.65158081054685], [189.68223571777344, 283.09912109375], [122.73661041259764, 289.64993286132807], [114.74369812011717, 221.98809814453125]], "cMo": [[0.9887894584502924, 0.09941541120615466, 0.11140907894910855, -0.0971533833093031], [0.09522712455749784, -0.9945556797882655, 0.04231778053504728, -0.12665455276634252], [0.11500957180203865, -0.031234209060144836, -0.9928732157623645, 0.8601030802520635], [0.0, 0.0, 0.0, 1.0]], "cMo_refined": [[0.9747568502918547, -0.18951473035396857, -0.11803918750975917, 765598626.2797755], [0.16984922507847355, 0.2862789877620973, 0.9429716760890287, 171365271.56106013], [-0.14491488380888853, -0.9392169654263962, 0.3112413345073023, -3375811.3865311863], [0.0, 0.0, 0.0, 1.0]], "confidence": 0.8722275610507689}, "5": {"tag_corners": [[191.45922851562503, 299.9877624511718], [198.33599853515625, 365.9454650878905], [132.03498840332026, 372.7572021484375], [124.7575454711914, 306.47714233398443]], "cMo": [[0.9934608812674067, 0.09964858142614241, 0.05572824787434812, 0.02150167944953351], [0.09794072284313382, -0.9946585725306775, 0.03258740401137161, -0.11495163505305406], [0.05867786806242858, -0.026916246227759257, -0.9979140361216765, 0.8702374627824981], [0.0, 0.0, 0.0, 1.0]], "cMo_refined": [[0.10884891229208732, 0.9929028080142674, 0.04791584425021162, 18635182.971170597], [-0.9460852512296749, 0.11826896909962714, -0.30155455286530375, -9199280.052586397], [-0.3050813198124599, -0.012508588469230933, 0.952244151211232, -20509609.86192839], [0.0, 0.0, 0.0, 1.0]], "confidence": 0.8595104115423285}, "6": {"tag_corners": [[199.99768066406247, 382.5281982421875], [206.80711364746094, 447.80706787109375], [140.7660064697266, 455.04510498046875], [133.87484741210938, 389.3583679199218]], "cMo": [[0.9946032142585246, 0.10078613948963382, 0.024629256452184313, 0.1405137990829339], [0.09975994991997027, -0.9942134036859785, 0.03984545548875724, -0.10318429119161307], [0.02850260652249889, -0.037173404712476904, -0.9989022671930955, 0.8765086071326907], [0.0, 0.0, 0.0, 1.0]], "cMo_refined": [[0.7060581274098773, 0.12268059905723559, 0.6974463358090103, 826341513694.6218], [-0.18763323467618037, -0.9172697616171677, 0.35129752869574105, -1587236101611.9456], [0.6828438254560202, -0.37890058727552645, -0.6246268125840015, -260019524655.76038], [0.0, 0.0, 0.0, 1.0]], "confidence": 0.8719542427058881}, "9": {"tag_corners": [[274.5650329589845, 291.7044067382812], [280.7754821777344, 357.5078125], [215.14335632324213, 364.2413330078125], [208.24749755859375, 298.23544311523443]], "cMo": [[0.9929392668457406, 0.10032861274198604, 0.06329124600694849, 0.009560711889449397], [0.09830209463566307, -0.994563029401197, 0.03436682613444631, 0.0040664973564362595], [0.06639510935366112, -0.027902509091168065, -0.9974031980299305, 0.8735515371734844], [0.0, 0.0, 0.0, 1.0]], "cMo_refined": [[0.12311106238689856, -0.9888185928400476, 0.08415139197778368, 62793486505.32482], [0.9921415993553953, 0.12072840968343618, -0.03285875718630207, 61557473501.32125], [0.022331886317306704, 0.08753537313074011, 0.9959110629490835, 275842649827.4555], [0.0, 0.0, 0.0, 1.0]], "confidence": 0.8880115121471805}, "10": {"tag_corners": [[282.5929260253907, 373.9839782714844], [285.65161132812494, 439.46664428710943], [223.37339782714844, 446.0083923339844], [216.78627014160156, 380.8077697753905]], "cMo": [[0.9962664821382079, 0.07919060874403792, 0.03437941323973954, 0.12894274871666178], [0.07207325980603436, -0.9821511628497341, 0.17373698090460538, 0.015239303603959385], [0.04752411797068877, -0.17061049440073742, -0.9841918092584616, 0.8823905230282896], [0.0, 0.0, 0.0, 1.0]], "cMo_refined": [[-0.30335045948039496, -0.8368229416850075, 0.45574758694115547, -523258714006.10315], [0.8913674762297569, -0.41826494842954315, -0.17469532115951536, -670789986755.9836], [0.3368122935001441, 0.35324467042672475, 0.8727976178715698, -341555490872.6275], [0.0, 0.0, 0.0, 1.0]], "confidence": 0.8861264742347439}}, {"0": {"tag_corners": [[97.30369567871095, 223.4197235107422], [105.84223175048827, 291.3509826660157], [37.333454132080064, 297.8446044921875], [28.446958541870124, 229.65946960449216]], "cMo": [[0.9887520302585442, 0.09998819974406628, 0.11122851510088408, -0.08506045535715477], [0.09325463141722802, -0.9935709943927512, 0.06418919551322766, -0.24495454530511282], [0.11693158845600211, -0.05309462320554798, -0.9917197006250391, 0.8521293555920532], [0.0, 0.0, 0.0, 1.0]], "cMo_refined": [[-0.24937186472760273, -0.9623827449256566, -0.10785696709827786, 474124085.7773456], [0.8650437232938548, -0.17130203264673496, -0.4715453004760025, 604076233.3398068], [0.4353309429298421, -0.2108911232851142, 0.8752210602169932, -389685277.77428293], [0.0, 0.0, 0.0, 1.0]], "confidence": 0.9088343906550896}, "1": {"tag_corners": [[107.64894104003909, 308.2179870605469], [115.18582916259764, 374.472412109375], [47.61116409301757, 381.5694580078125], [39.50616836547854, 314.74902343750006]], "cMo": [[0.9923785835772162, 0.0993793432993673, 0.07285940558818811, 0.03336978230400439], [0.0945959726289965, -0.9932984417609556, 0.066406381904389, -0.23333347147790656], [0.07897055666292187, -0.059008064877980076, -0.9951289863428279, 0.8623610686450065], [0.0, 0.0, 0.0, 1.0]], "cMo_refined": [[0.8426513288096864, -0.41814734369459255, 0.33925143627761356, 177986364.76874673], [0.46759690033783174, 0.25583658240619545, -0.8461092021111534, 73757194.67957158], [0.2670053873046711, 0.8716079635156352, 0.4111054379188009, 639629.7381208359], [0.0, 0.0, 0.0, 1.0]], "confidence": 0.8722571077916521}, "2": {"tag_corners": [[116.8991165161133, 391.0964660644531], [123.84395599365234, 456.80267333984375], [56.72770309448241, 464.42541503906244], [49.42092895507814, 398.2538757324218]], "cMo": [[0.9945839490991012, 0.09991338236704535, 0.028637112606100967, 0.15220283825548067], [0.09787662602392277, -0.993048586940703, 0.06538096093852826, -0.22200904177862318], [0.0349704771573264, -0.062223950365183155, -0.9974493700074909, 0.8693397145759315], [0.0, 0.0, 0.0, 1.0]], "cMo_refined": [[0.7869107833563285, -0.4880691413543343, -0.3775710956828888, 340916663.9110425], [0.5532646320718975, 0.28709213290572705, 0.7819695352902116, 164289715.75511187], [-0.2732575084711875, -0.8242369929099788, 0.49594728911733466, 4523809.980756896], [0.0, 0.0, 0.0, 1.0]], "confidence": 0.905975921683277}, "3": {"tag_corners": [[125.4650344848633, 473.6094970703125], [131.91601562500003, 539.6149291992189], [65.60031890869139, 546.8060302734374], [58.49884414672853, 481.1180114746094]], "cMo": [[0.994970993086627, 0.09943649310591714, 0.012046026523627273, 0.27136905369570524], [0.09896901500396346, -0.994487931590059, 0.034624961962016726, -0.2103978177422453], [0.015422612792789815, -0.03325864940917944, -0.9993277766849681, 0.872178729657326], [0.0, 0.0, 0.0, 1.0]], "cMo_refined": [[0.9058484246962555, 0.2921884781932932, 0.3066994044441558, -1236482127.5366826], [-0.42238502749408424, 0.5681910567227283, 0.7062222112119754, 561502550.2682366], [0.0320861344529742, -0.7692755138904375, 0.6381110120539125, 2203023882.6606603], [0.0, 0.0, 0.0, 1.0]], "confidence": 0.8528439582136791}, "4": {"tag_corners": [[182.4996032714843, 215.61169433593756], [189.66517639160153, 283.05923461914074], [122.74140167236334, 289.65234374999994], [114.7452392578125, 221.98997497558588]], "cMo": [[0.9891079982470419, 0.09973149629664967, 0.10825431377160556, -0.0971878972795573], [0.09582257578763649, -0.9945642841185183, 0.0407421001574758, -0.12666451594845243], [0.11172914468997137, -0.029925129945423127, -0.9932880170547697, 0.8600973628820432], [0.0, 0.0, 0.0, 1.0]], "cMo_refined": [[0.10385378187939404, 0.028191860750431647, 0.9941929445418409, 11293731761.459663], [0.05427450123375685, -0.9982694040777751, 0.022637919472265955, -580779490237.216], [0.9931106033595524, 0.05160829264405242, -0.10520415212904732, -100191308703.98193], [0.0, 0.0, 0.0, 1.0]], "confidence": 0.8722398475314888}, "5": {"tag_corners": [[191.45326232910162, 299.98547363281244], [198.31587219238284, 365.9288940429687], [132.10510253906244, 372.72485351562506], [124.67023468017574, 306.5027160644531]], "cMo": [[0.9927275504414285, 0.09955055527950615, 0.06768823781207277, 0.021515894291785943], [0.09765236591458594, -0.9947437372006136, 0.030804427140269878, -0.11493002060229175], [0.07039904847258611, -0.023970486930773537, -0.9972308607992716, 0.8699252697407378], [0.0, 0.0, 0.0, 1.0]], "cMo_refined": [[0.9557339589664294, 0.2922738297462353, -0.033891121607586755, -39270895.50739791], [-0.2502594206218661, 0.7469146117172114, -0.61602661078344, 34631688.8274876], [-0.15473468282307812, 0.5972391240104683, 0.7869959381615943, -53984528.986653544], [0.0, 0.0, 0.0, 1.0]], "confidence": 0.8591493812262793}, "6": {"tag_corners": [[199.9785614013672, 382.52096557617193], [206.79364013671878, 447.7921447753906], [140.7236022949219, 455.0520935058594], [133.8840789794922, 389.36251831054693]], "cMo": [[0.9946668070279944, 0.10066768288400743, 0.022449067230050943, 0.14054771369114394], [0.09965980633550733, -0.9941251182272742, 0.042227624972017715, -0.1032339392327094], [0.026568138773794294, -0.03976514720673281, -0.9988557789139149, 0.8767823257532155], [0.0, 0.0, 0.0, 1.0]], "cMo_refined": [[0.8959034958701714, 0.25544396581669854, 0.36346293678371855, 127443134509.03172], [0.31830593740309643, -0.9398333572881116, -0.12407494002615055, 491306283851.7542], [0.30990039738849023, 0.2268515833235346, -0.9233093213230671, -45040429686.07108], [0.0, 0.0, 0.0, 1.0]], "confidence": 0.8718387273099815}, "9": {"tag_corners": [[274.5542907714844, 291.6611633300782], [280.7665100097656, 357.5030212402344], [215.12971496582034, 364.26513671875], [208.24880981445315, 298.28070068359375]], "cMo": [[0.9928443571270805, 0.10079124496420833, 0.06404067035469109, 0.009568744886019193], [0.0985713085994595, -0.9944443344049526, 0.036934575818348095, 0.004061068666447169], [0.06740756368467399, -0.030357712503680738, -0.9972635708024437, 0.8734169773139635], [0.0, 0.0, 0.0, 1.0]], "cMo_refined": [[0.2213231041889107, 0.557282306583453, 0.8002827714759392, 96501107.7543916], [-0.462014792285929, -0.6627731934529691, 0.5892996060996004, -82049096.37834725], [0.8588122118724058, -0.5001680965527295, 0.11078564857256834, 31539435.55173113], [0.0, 0.0, 0.0, 1.0]], "confidence": 0.8871884792252552}, "10": {"tag_corners": [[281.7420043945313, 374.04440307617193], [285.02883911132807, 439.49572753906256], [223.3891143798828, 446.0274658203125], [216.7192077636719, 380.824462890625]], "cMo": [[0.9971361268189987, 0.0756102661727948, 0.0016224184683967726, 0.1296145280239803], [0.07374240093631391, -0.9768155968602635, 0.20098096435900287, 0.014828284579286567], [0.01678102787541307, -0.20028573933210012, -0.9795938034326469, 0.887271269677898], [0.0, 0.0, 0.0, 1.0]], "cMo_refined": [[-0.6339444920129285, -0.6953313570618794, 0.33856858231820003, -2263621758.3436184], [0.713627016501137, -0.6946629541932152, -0.09044258615965552, -6061927404.713206], [0.2980786177607496, 0.1842761079414388, 0.9365849954359702, 52711992.7662201], [0.0, 0.0, 0.0, 1.0]], "confidence": 0.8893740947313111}}, {"0": {"tag_corners": [[97.28621673583987, 223.47480773925793], [105.82922363281247, 291.36016845703136], [37.336639404296854, 297.89184570312494], [28.39698219299317, 229.63276672363276]], "cMo": [[0.988393055182118, 0.09976600367217511, 0.11456837687181176, -0.08501907411130255], [0.09268325246079251, -0.9935336306861451, 0.06558002294063953, -0.24496961268796383], [0.12037019224478691, -0.05420026943557876, -0.9912483783654144, 0.8521026043923007], [0.0, 0.0, 0.0, 1.0]], "cMo_refined": [[0.912991467220057, 0.19239810142666489, -0.3597631878761126, -13757714.234648984], [0.2657021755755078, -0.9495747794214988, 0.16646348602938824, -89471464.8744409], [-0.3095947911025142, -0.2475696040591992, -0.9180742652248569, -23310313.658124086], [0.0, 0.0, 0.0, 1.0]], "confidence": 0.9086121688668408}, "1": {"tag_corners": [[107.65476226806642, 308.27716064453136], [115.20386505126952, 374.4965515136719], [47.42241287231446, 381.6187438964844], [39.41429138183596, 314.7812805175781]], "cMo": [[0.9924233337027741, 0.09915808271182616, 0.07255068128685761, 0.033426546922197146], [0.09360538297152421, -0.9926808146812356, 0.07630748615013781, -0.23339383011341364], [0.07958617342872333, -0.06893819548489673, -0.9944413337156995, 0.862347412736499], [0.0, 0.0, 0.0, 1.0]], "cMo_refined": [[0.9094404019338556, 0.2285461839456051, -0.3473971749083275, 120751942.16730575], [0.05288018824478988, -0.892202127256307, -0.44852987616268924, -93873979.9408187], [-0.412458290038619, 0.3895407628518767, -0.8234902264478883, -10398076.813118562], [0.0, 0.0, 0.0, 1.0]], "confidence": 0.8712905853742822}, "2": {"tag_corners": [[116.90065765380864, 391.14938354492193], [123.86704254150389, 456.8009338378906], [56.74019622802732, 464.4434509277344], [49.39246749877931, 398.2257690429688]], "cMo": [[0.9945206172655363, 0.09961584749935572, 0.03170843359047624, 0.15215742055928302], [0.09739562542920549, -0.993107903005768, 0.06519804548251147, -0.2219069651870856], [0.03798465454667744, -0.06175253771684901, -0.9973684324784392, 0.868950673150271], [0.0, 0.0, 0.0, 1.0]], "cMo_refined": [[0.41948950570186727, -0.14254135880631774, 0.8964990327020178, -118132588.34944476], [-0.19993384932590585, -0.9778506958464908, -0.06192311786611593, 22176262.514726683], [0.8854688083155322, -0.15326440441989042, -0.4386969476051622, -52143421.57835075], [0.0, 0.0, 0.0, 1.0]], "confidence": 0.9050913008621033}, "3": {"tag_corners": [[125.51644897460936, 473.6428527832031], [131.90319824218747, 539.6377563476564], [65.62637329101564, 546.8959350585936], [58.486389160156264, 481.16583251953114]], "cMo": [[0.9949817106924915, 0.09942568383224258, 0.011221799407126498, 0.27146221335690074], [0.09895771907788097, -0.994421086065956, 0.03652496984678344, -0.21039401057014726], [0.014790714058017544, -0.03523119330786555, -0.9992697322523875, 0.872261501145377], [0.0, 0.0, 0.0, 1.0]], "cMo_refined": [[0.6995320